0.152916
0.392622
0.399761
0.152901
0.187353
0.162662
0.34967
0.152999
0.157519
0.279105
0.157389
0.160637
0.158092
0.382291
0.139239
0.158702
0.398143
0.157902
0.479887
0.157768
0.156933
0.159988
0.148052
0.204251
0.173147
0.177851
0.284169
0.434664
0.158818
0.156603
0.157657
0.179397
0.159229
0.158502
0.157495
0.157388
0.18789
0.172998
0.176796
0.165239
0.157732
0.158723
0.164969
0.158509
0.15767
0.175025
0.32183
0.316604
0.286749
0.157308
0.199383
0.489747
0.158327
0.153072
0.301137
0.289036
0.167916
0.157655
0.158078
0.158174
0.157293
0.256049
0.419803
0.371615
0.160176
0.156114
0.164929
0.156044
0.158192
0.168025
0.158327
0.159405
0.1583
0.173995
0.17974
0.158467
0.158224
0.474731
0.158593
0.140533
0.156306
0.143845
0.152351
0.288686
0.452821
0.175252
0.439676
0.158468
0.252253
0.156895
0.158602
0.459969
0.157526
0.157513
0.198471
0.157897
0.158083
0.375737
0.251289
0.158357
0.161469
0.15731
0.159157
0.157382
0.163665
0.159997
0.15326
0.187578
0.166592
0.157826
0.157861
0.157849
0.158852
0.158108
0.357898
0.420387
0.179083
0.274838
0.157671
0.156962
0.386594
0.167136
0.331097
0.158331
0.157572
0.157735
0.287405
0.158319
0.273399
0.16887
0.158165
0.157336
0.361395
0.158979
0.136277
0.156746
0.164494
0.159156
0.143702
0.153781
0.160294
0.332186
0.159839
0.158088
0.155558
0.15629
0.170598
0.158295
0.169324
0.155548
0.168579
0.158129
0.158376
0.351402
0.158384
0.319439
0.154224
0.159289
0.158082
0.490086
0.128859
0.156345
0.15726
0.323859
0.154832
0.159058
0.159139
0.157549
0.160276
0.290046
0.333258
0.158692
0.308394
0.162255
0.416766
0.15759
0.161173
0.158466
0.154848
0.159611
0.157941
0.152945
0.157277
0.15639
0.165686
0.171208
0.445746
0.337389
0.157348
0.309642
0.157277
0.319674
0.157989
0.189904
0.157349
0.161751
0.177094
0.148002
0.16295
0.155567
0.158046
0.182669
0.157317
0.158744
0.158226
0.158572
0.155584
0.317786
0.158235
0.165774
0.154547
0.298398
0.157956
0.158506
0.158309
0.140687
0.15855
0.157938
0.176808
0.158269
0.158756
0.15746
0.150224
0.215856
0.157501
0.158105
0.158011
0.157285
0.19128
0.16782
0.15728
0.446485
0.158306
0.328946
0.159718
0.252596
0.159006
0.148063
0.157901
0.158119
0.41653
0.389798
0.157901
0.437847
0.151991
0.155414
0.298911
0.15982
0.15811
0.200823
0.402343
0.15746
0.15831
0.158877
0.158465
0.158113
0.255647
0.159623
0.288986
0.158146
0.158287
0.163009
0.163575
0.157023
0.155622
0.399799
0.150391
0.158017
0.154596
0.157185
0.152262
0.156339
0.153752
0.158081
0.151011
0.157238
0.300444
0.219264
0.351508
0.208474
0.158896
0.158093
0.321662
0.155123
0.154584
0.157872
0.134136
0.157373
0.179089
0.148033
0.158092
0.382498
0.158316
0.356649
0.15765
0.382625
0.243844
0.156989
0.157225
0.158061
0.15606
0.174665
0.140228
0.154063
0.159867
0.342957
0.321264
0.182968
0.387967
0.155508
0.155015
0.156518
0.157497
0.175179
0.165366
0.158725
0.158123
0.157891
0.157968
0.16064
0.18028
0.171022
0.158009
0.178485
0.156394
0.158079
0.158092
0.168104
0.158174
0.159262
0.157942
0.214887
0.18795
0.158283
0.199
0.149158
0.145655
0.157269
0.157259
0.162109
0.412517
0.385268
0.187527
0.159162
0.24256
0.394521
0.15364
0.147653
0.413262
0.167156
0.162098
0.158421
0.158184
0.16188
0.215231
0.157772
0.157796
0.397351
0.15416
0.157323
0.159565
0.158393
0.343369
0.180935
0.158127
0.503992
0.353932
0.16585
0.157503
0.161052
0.15731
0.150716
0.158052
0.29727
0.15796
0.172402
0.158086
0.158102
0.160172
0.161261
0.181476
0.170168
0.473704
0.394185
0.157878
0.159642
0.34817
0.447089
0.157657
0.156882
0.158312
0.282072
0.161454
0.155577
0.158118
0.380703
0.154518
0.158028
0.162793
0.157757
0.15793
0.161109
0.158946
0.155348
0.158819
0.157916
0.179106
0.156032
0.403766
0.158245
0.16388
0.334393
0.157488
0.15594
0.150183
0.157341
0.156658
0.164692
0.159829
0.258652
0.141382
0.163026
0.155019
0.156708
0.156694
0.158403
0.158015
0.157969
0.156243
0.156244
0.158546
0.157091
0.155001
0.1573
0.157993
0.161172
0.291365
0.414355
0.158054
0.155041
0.15734
0.485372
0.15773
0.15919
0.158189
0.157369
0.15726
0.156944
0.157812
0.158277
0.243139
0.158426
0.191749
0.157825
0.158355
0.180753
0.157763
0.159461
0.157682
0.15808
0.157251
0.166745
0.157515
0.157835
0.30857
0.453141
0.168563
0.157237
0.157137
0.422307
0.140333
0.150348
0.153265
0.1549
0.386979
0.158184
0.158159
0.164496
0.157868
0.167939
0.163648
0.160296
0.396169
0.21605
0.157842
0.166765
0.156981
0.15814
0.157912
0.157581
0.158323
0.157958
0.159164
0.163713
0.390669
0.146453
0.156586
0.217588
0.16083
0.214471
0.391842
0.157487
0.15812
0.189817
0.15777
0.158159
0.158148
0.263104
0.157186
0.156768
0.154026
0.242229
0.183114
0.158093
0.23105
0.320365
0.159044
0.157242
0.409494
0.323888
0.156807
0.157985
0.499012
0.157662
0.155213
0.158177
0.156719
0.157806
0.170858
0.155872
0.18136
0.158042
0.158091
0.15826
0.158181
0.212711
0.229113
0.157715
0.353925
0.157346
0.156959
0.162928
0.176533
0.158235
0.158024
0.157151
0.248108
0.156586
0.404148
0.168559
0.158027
0.158883
0.306808
0.153751
0.157815
0.157695
0.157429
0.365297
0.156538
0.157517
0.32687
0.158271
0.358837
0.191574
0.157809
0.170004
0.154201
0.1576
0.160251
0.170575
0.154059
0.252154
0.155532
0.157872
0.235884
0.157976
0.157993
0.155655
0.158054
0.157301
0.15791
0.15301
0.164295
0.1585
0.158108
0.189604
0.155485
0.16252
0.202265
0.158563
0.254672
0.157246
0.180153
0.157238
0.151757
0.369378
0.335531
0.2726
0.327734
0.256072
0.154844
0.158387
0.158591
0.148911
0.158608
0.159247
0.430505
0.157927
0.157751
0.436831
0.153974
0.395462
0.162739
0.225382
0.159953
0.159704
0.26125
0.16045
0.153171
0.397972
0.153823
0.157292
0.158094
0.157255
0.332357
0.176828
0.170512
0.179143
0.491043
0.15677
0.157888
0.248217
0.157993
0.158318
0.158029
0.166617
0.244699
0.157736
0.158268
0.155084
0.156058
0.197318
0.204286
0.217259
0.214621
0.158098
0.155477
0.157625
0.157723
0.170722
0.157864
0.436075
0.157179
0.152379
0.159035
0.157107
0.158184
0.158891
0.155067
0.161387
0.157692
0.154515
0.159016
0.157952
0.157735
0.157597
0.287271
0.156459
0.158081
0.157809
0.156254
0.166507
0.157846
0.157934
0.157243
0.15766
0.168806
0.157601
0.157935
0.457459
0.171615
0.158062
0.157913
0.154181
0.158136
0.156813
0.126631
0.334782
0.158688
0.157831
0.17872
0.399301
0.173597
0.158211
0.157481
0.152497
0.301182
0.191696
0.15769
0.165273
0.154198
0.157656
0.266321
0.15718
0.157483
0.470013
0.160255
0.231625
0.157959
0.169937
0.163632
0.15789
0.157286
0.158317
0.243048
0.162559
0.235892
0.160266
0.157718
0.158089
0.158084
0.160337
0.15743
0.155886
0.396591
0.160082
0.199263
0.285211
0.15796
0.155762
0.190579
0.160435
0.157947
0.154323
0.156701
0.15645
0.158955
0.483848
0.158118
0.158483
0.155987
0.156996
0.157057
0.156967
0.158953
0.210806
0.160892
0.489847
0.156798
0.169223
0.158264
0.157249
0.158412
0.172232
0.176613
0.157266
0.152339
0.159024
0.15586
0.179889
0.392972
0.373729
0.156931
0.157075
0.157752
0.152234
0.153001
0.143888
0.247583
0.159419
0.159641
0.155981
0.324983
0.380844
0.152057
0.329259
0.140596
0.168382
0.163115
0.157742
0.158097
0.15804
0.154961
0.158811
0.161623
0.154727
0.158225
0.157223
0.159288
0.384133
0.158622
0.157825
0.160121
0.15809
0.152959
0.157644
0.15779
0.156953
0.158031
0.158512
0.158669
0.201438
0.158061
0.155509
0.404252
0.157805
0.161184
0.471756
0.153731
0.158195
0.389553
0.180022
0.15813
0.184834
0.158079
0.158506
0.158057
0.156254
0.223442
0.158038
0.157998
0.187471
0.158115
0.160508
0.157262
0.160028
0.158479
0.157416
0.155406
0.158086
0.158514
0.158674
0.158229
0.157586
0.156214
0.28895
0.172393
0.157004
0.264142
0.462407
0.15745
0.343711
0.155949
0.158054
0.157805
0.158644
0.156795
0.155553
0.163074
0.157629
0.149476
0.156253
0.160245
0.158277
0.162987
0.164691
0.4861
0.157564
0.157854
0.153572
0.155709
0.156191
0.15816
0.15537
0.186416
0.158195
0.160168
0.158226
0.157185
0.159089
0.248657
0.158026
0.152155
0.156901
0.157506
0.158071
0.15258
0.304676
0.156821
0.156632
0.158069
0.313992
0.252333
0.157781
0.151273
0.245657
0.159047
0.15751
0.156715
0.144242
0.398392
0.178078
0.158169
0.151704
0.154596
0.155945
0.164914
0.287123
0.158014
0.226584
0.400426
0.172709
0.155799
0.341121
0.15444
0.252503
0.155303
0.200125
0.184839
0.400811
0.241485
0.451527
0.321765
0.15482
0.157649
0.178395
0.166079
0.159082
0.185657
0.162442
0.157409
0.262659
0.157251
0.158361
0.162459
0.158897
0.161926
0.158139
0.145597
0.15776
0.157682
0.157471
0.157943
0.157539
0.368917
0.156743
0.157951
0.157877
0.481414
0.158164
0.157342
0.159363
0.158298
0.158053
0.155253
0.154198
0.333198
0.439192
0.157075
0.166903
0.159601
0.387806
0.158244
0.14614
0.15063
0.405499
0.157295
0.184895
0.157109
0.179102
0.157638
0.161384
0.164236
0.172187
0.416308
0.16068
0.158363
0.157239
0.160537
0.157159
0.210303
0.154462
0.157222
0.156079
0.245858
0.158066
0.157944
0.174967
0.157896
0.382706
0.155759
0.161557
0.382692
0.469528
0.157695
0.182667
0.156039
0.246212
0.157646
0.148007
0.156569
0.156284
0.336185
0.158099
0.382695
0.158802
0.148006
0.155485
0.157437
0.159004
0.247008
0.158771
0.155443
0.369723
0.156945
0.327219
0.161508
0.187914
0.158046
0.158096
0.158197
0.158448
0.165893
0.157436
0.410433
0.146202
0.164898
0.15791
0.28235
0.159411
0.259971
0.202204
0.154405
0.162334
0.159952
0.157556
0.15752
0.15947
0.157417
0.159355
0.157174
0.158056
0.158396
0.158376
0.158108
0.153097
0.158055
0.421321
0.155445
0.158328
0.158875
0.166589
0.154036
0.156229
0.157669
0.168097
0.233881
0.156156
0.157213
0.158165
0.156874
0.194833
0.153511
0.171042
0.155784
0.158066
0.153903
0.157816
0.158653
0.159226
0.158239
0.158963
0.157198
0.422808
0.158103
0.181146
0.15801
0.180407
0.157767
0.1618
0.158176
0.157901
0.187709
0.160066
0.242918
0.158083
0.1581
0.445219
0.196979
0.400851
0.155515
0.355006
0.157023
0.155655
0.369724
0.175077
0.157664
0.157705
0.157945
0.155834
0.157293
0.158909
0.137377
0.157507
0.160516
0.33555
0.139825
0.157626
0.172237
0.15834
0.162212
0.168159
0.200299
0.331492
0.15359
0.158555
0.163836
0.15576
0.158129
0.186153
0.157804
0.160432
0.158168
0.15825
0.152554
0.157018
0.164395
0.15671
0.155165
0.155427
0.159353
0.404538
0.293784
0.173586
0.157991
0.157854
0.153373
0.16374
0.319661
0.450625
0.157335
0.164849
0.310331
0.158075
0.157474
0.158103
0.15741
0.157745
0.158866
0.157646
0.157695
0.378356
0.156839
0.336266
0.157911
0.167669
0.366262
0.15844
0.157717
0.157188
0.157927
0.180414
0.37368
0.15782
0.363278
0.247645
0.157934
0.45203
0.158473
0.156988
0.168029
0.293092
0.158629
0.157773
0.166754
0.157219
0.152125
0.158428
0.158446
0.159641
0.305205
0.158113
0.153931
0.15783
0.248055
0.400975
0.420399
0.157219
0.158062
0.164216
0.158356
0.153218
0.157963
0.155737
0.126196
0.154758
0.491752
0.149456
0.157662
0.273237
0.15802
0.159295
0.157971
0.171712
0.149755
0.157759
0.157898
0.183392
0.250709
0.149413
0.158151
0.159932
0.261161
0.15758
0.157665
0.159214
0.158132
0.259674
0.184873
0.164461
0.155726
0.14213
0.33191
0.157737
0.1577
0.15791
0.262365
0.161969
0.252679
0.18825
0.159228
0.156231
0.395961
0.157754
0.157599
0.154786
0.412372
0.277599
0.156283
0.158471
0.370305
0.158279
0.157387
0.273509
0.159808
0.400261
0.15795
0.157691
0.382288
0.149516
0.328988
0.156802
0.15668
0.38195
0.384322
0.158233
0.157097
0.487605
0.155491
0.234876
0.157371
0.160031
0.160876
0.15812
0.146893
0.157561
0.254117
0.160585
0.158928
0.412173
0.157501
0.158007
0.393182
0.157348
0.157401
0.154627
0.157962
0.312771
0.305132
0.155639
0.42707
0.158434
0.399138
0.158134
0.324986
0.131581
0.296702
0.158444
0.153406
0.177126
0.158217
0.158107
0.162457
0.158114
0.158344
0.289522
0.184982
0.176702
0.490946
0.157824
0.158896
0.155331
0.155757
0.157731
0.15995
0.157848
0.157742
0.485535
0.157887
0.368176
0.156333
0.398964
0.489882
0.37373
0.217449
0.233833
0.200535
0.158096
0.271791
0.157183
0.158893
0.471155
0.157933
0.157545
0.465937
0.366266
0.158401
0.158933
0.157979
0.132985
0.158053
0.158274
0.160685
0.150945
0.15797
0.158664
0.153877
0.157185
0.15421
0.157261
0.17914
0.154213
0.292459
0.157705
0.194969
0.127519
0.15749
0.159484
0.157888
0.157579
0.15492
0.159259
0.158219
0.159752
0.157778
0.158419
0.336223
0.157746
0.381638
0.15337
0.315301
0.158365
0.397868
0.282983
0.384566
0.155184
0.310363
0.398052
0.419051
0.157723
0.399909
0.157985
0.158085
0.156422
0.158122
0.154301
0.153446
0.171801
0.156033
0.158243
0.157756
0.156315
0.157964
0.158252
0.159188
0.172002
0.332469
0.157912
0.182593
0.157987
0.158484
0.135232
0.156961
0.15671
0.158107
0.158239
0.15635
0.15721
0.152731
0.158731
0.159987
0.157851
0.150499
0.158124
0.159396
0.157864
0.156185
0.155911
0.157667
0.15577
0.15505
0.325521
0.15669
0.409891
0.158081
0.398336
0.157741
0.153222
0.157913
0.409221
0.153143
0.158118
0.156928
0.15817
0.156961
0.158084
0.156868
0.357552
0.157393
0.160487
0.433902
0.428148
0.160377
0.162466
0.158256
0.376697
0.160812
0.388332
0.157632
0.158115
0.345829
0.375438
0.158114
0.333117
0.160826
0.158353
0.157752
0.158073
0.158585
0.155786
0.155377
0.157383
0.159606
0.157862
0.156966
0.159982
0.153155
0.157883
0.270446
0.155901
0.15601
0.157726
0.290921
0.161142
0.159617
0.158095
0.158089
0.157197
0.15579
0.178325
0.157352
0.203892
0.158709
0.160375
0.157179
0.386283
0.134527
0.156685
0.27269
0.165688
0.157817
0.328054
0.156309
0.184358
0.158107
0.358682
0.157632
0.159167
0.171468
0.315775
0.351922
0.158079
0.158052
0.344922
0.156741
0.159772
0.170407
0.158059
0.157527
0.158125
0.162443
0.215386
0.159316
0.151183
0.157733
0.157417
0.366906
0.254282
0.277553
0.161635
0.461328
0.153224
0.160251
0.157281
0.157657
0.157725
0.158028
0.173684
0.132203
0.147849
0.158191
0.157539
0.165143
0.157251
0.160105
0.157809
0.195388
0.157844
0.157763
0.157228
0.15102
0.178918
0.158099
0.16191
0.156282
0.158163
0.417958
0.451091
0.393577
0.40408
0.157728
0.186637
0.158038
0.19759
0.157189
0.167356
0.150296
0.289686
0.247826
0.158152
0.157708
0.158213
0.160512
0.384976
0.471599
0.157731
0.156596
0.134804
0.161581
0.161804
0.156827
0.156734
0.157772
0.156597
0.158043
0.165034
0.167718
0.3093
0.157649
0.164916
0.158286
0.157108
0.157552
0.157543
0.157565
0.488745
0.230291
0.153718
0.15363
0.153782
0.158096
0.150851
0.158338
0.156984
0.156996
0.158339
0.157817
0.232328
0.158388
0.156935
0.158096
0.288767
0.157973
0.15819
0.40554
0.19154
0.157809
0.15072
0.154973
0.177524
0.165242
0.233318
0.163181
0.15166
0.423005
0.337776
0.183375
0.156587
0.158934
0.158311
0.406182
0.157399
0.159029
0.15755
0.158159
0.158041
0.15803
0.157555
0.348317
0.158518
0.157226
0.394632
0.157426
0.16135
0.155829
0.38947
0.16248
0.179578
0.170083
0.157892
0.158261
0.160861
0.407757
0.158451
0.156445
0.164273
0.239921
0.157619
0.159247
0.157619
0.158128
0.3807
0.159038
0.382451
0.157775
0.160974
0.138833
0.162184
0.157962
0.158241
0.292124
0.157881
0.157617
0.157174
0.157743
0.158642
0.157641
0.331899
0.153939
0.185372
0.161
0.157613
0.29644
0.155833
0.181906
0.157947
0.155551
0.154502
0.154552
0.180376
0.157945
0.194098
0.15738
0.157452
0.194576
0.157912
0.142937
0.156648
0.163975
0.157649
0.147888
0.351379
0.174554
0.156926
0.155931
0.33864
0.137675
0.15802
0.157881
0.218937
0.158179
0.462413
0.158598
0.148465
0.149756
0.155508
0.158089
0.162656
0.157543
0.310273
0.158178
0.399234
0.15781
0.195317
0.159701
0.290405
0.166061
0.244755
0.155582
0.166943
0.158012
0.156564
0.174386
0.14574
0.148195
0.157944
0.157758
0.157932
0.158057
0.163725
0.157721
0.162031
0.165695
0.175542
0.157325
0.188042
0.158063
0.158468
0.157743
0.157193
0.179007
0.157958
0.15674
0.15837
0.151734
0.158356
0.157572
0.154248
0.257372
0.15861
0.157129
0.126826
0.166272
0.148334
0.157814
0.15754
0.157964
0.157319
0.317968
0.157565
0.159696
0.157491
0.157541
0.158051
0.193928
0.157085
0.154554
0.155713
0.157911
0.418056
0.14936
0.157322
0.438658
0.159534
0.155237
0.146649
0.341018
0.160565
0.158389
0.158823
0.158305
0.16189
0.166792
0.157184
0.157116
0.465416
0.270086
0.156802
0.158789
0.283767
0.158105
0.157324
0.154771
0.158259
0.410806
0.158135
0.15819
0.358822
0.408175
0.156193
0.157928
0.165552
0.158072
0.162892
0.153065
0.15684
0.158368
0.152858
0.158504
0.16839
0.159592
0.158671
0.158227
0.410101
0.15845
0.155825
0.345745
0.158132
0.156263
0.160078
0.157872
0.15882
0.158219
0.173421
0.171475
0.171801
0.160654
0.152976
0.23819
0.341207
0.157031
0.400684
0.152991
0.194167
0.157406
0.393207
0.255287
0.147035
0.157972
0.15494
0.224149
0.158089
0.157933
0.158102
0.157048
0.184616
0.158008
0.157804
0.158348
0.182359
0.157332
0.158779
0.156802
0.157803
0.157618
0.189154
0.158111
0.155151
0.327277
0.154011
0.156013
0.396387
0.339805
0.168719
0.158517
0.15733
0.158116
0.15809
0.170727
0.156011
0.15706
0.160038
0.157282
0.300415
0.432186
0.164479
0.170528
0.158897
0.15798
0.165005
0.186643
0.147016
0.158408
0.157993
0.158898
0.373663
0.15928
0.161649
0.154834
0.156895
0.157769
0.156685
0.156114
0.157337
0.326559
0.163727
0.157857
0.160163
0.142365
0.158463
0.155946
0.146447
0.131933
0.15815
0.162082
0.164354
0.318701
0.303538
0.157614
0.157464
0.156725
0.158496
0.179464
0.195403
0.158131
0.458246
0.158096
0.157161
0.312669
0.474893
0.381345
0.415773
0.171103
0.157284
0.157745
0.133422
0.165775
0.278232
0.158168
0.49366
0.328724
0.157227
0.309894
0.156346
0.157662
0.15689
0.155545
0.157194
0.157182
0.160917
0.157712
0.380937
0.157933
0.156155
0.357278
0.15605
0.194815
0.159234
0.155715
0.158621
0.38925
0.158918
0.157994
0.146104
0.155626
0.142797
0.152033
0.153712
0.161453
0.185791
0.158033
0.282415
0.158107
0.161937
0.213204
0.157269
0.156778
0.158011
0.200727
0.156864
0.156627
0.157392
0.158191
0.441491
0.15376
0.157507
0.412017
0.186766
0.269159
0.155655
0.239521
0.428368
0.351405
0.258297
0.154364
0.159831
0.209598
0.15558
0.156106
0.152072
0.489174
0.154752
0.160121
0.157999
0.185661
0.156665
0.175497
0.292661
0.170231
0.421022
0.157011
0.157724
0.157834
0.159469
0.158125
0.157738
0.158042
0.167237
0.158699
0.194002
0.156555
0.158152
0.157655
0.157633
0.152167
0.157782
0.153531
0.139561
0.157982
